M = [1 2 3 4; 2 4 6 8; -1 -2 -3 -4; 0 5 0 7]
A = M(1,3)
B = M(1, :)
C = M(:, 2)
D = M([1,2,4], 2:4)
